1,9,1,0,0.5117052
3,9,1,0,0.58166987
5,9,1,0,0.5701678
7,9,1,0,0.54869306
9,9,1,0,0.44975397
11,9,2,0,-1.0674666
13,9,2,0,-1.0260563
15,9,2,0,-0.8289874
17,9,2,0,-0.6341178
19,9,2,0,-0.48222488
21,9,3,0,-0.4156682
23,9,3,0,-0.4021107
25,9,3,0,-0.39263323
27,9,3,0,-0.39085495
29,9,3,0,-0.39246294
31,9,4,0,-0.40089214
33,9,4,0,-0.51534736
35,9,4,0,-0.7315707
37,9,4,0,-1.045936
39,9,4,0,-1.1942906
1,7,1,0,0.5466673
3,7,1,0,0.7188742
5,7,1,0,0.7285692
7,7,1,0,0.68343633
9,7,1,0,0.47367218
11,7,2,0,-0.98437226
13,7,2,0,-1.0081501
15,7,2,0,-0.8699721
17,7,2,0,-0.66284966
19,7,2,0,-0.51598656
21,7,3,0,-0.42522493
23,7,3,0,-0.41217473
25,7,3,0,-0.40653652
27,7,3,0,-0.40805835
29,7,3,0,-0.40368927
31,7,4,0,-0.42112616
33,7,4,0,-0.5499165
35,7,4,0,-0.8044918
37,7,4,0,-1.0741311
39,7,4,0,-1.0950769
1,5,1,0,0.4985779
3,5,1,0,0.6817233
5,5,1,0,0.69526684
7,5,1,0,0.6460139
9,5,1,0,0.42419776
11,5,2,0,-0.91717494
13,5,2,0,-0.9477084
15,5,2,0,-0.85597956
17,5,2,0,-0.67179215
19,5,2,0,-0.54627013
21,5,3,0,-0.42707598
23,5,3,0,-0.40565187
25,5,3,0,-0.39178705
27,5,3,0,-0.39431348
29,5,3,0,-0.4031734
31,5,4,0,-0.44167486
33,5,4,0,-0.5765012
35,5,4,0,-0.8054448
37,5,4,0,-1.0251279
39,5,4,0,-1.0322189
1,3,1,0,0.3986456
3,3,1,0,0.6021901
5,3,1,0,0.62165374
7,3,1,0,0.5718331
9,3,1,0,0.34624663
11,3,2,0,-0.9032916
13,3,2,0,-0.9248176
15,3,2,0,-0.81581867
17,3,2,0,-0.6471568
19,3,2,0,-0.54568183
21,3,3,0,-0.4153736
23,3,3,0,-0.3858019
25,3,3,0,-0.3718666
27,3,3,0,-0.378381
29,3,3,0,-0.39221162
31,3,4,0,-0.44258803
33,3,4,0,-0.5564389
35,3,4,0,-0.77331233
37,3,4,0,-1.0001252
39,3,4,0,-1.0334041
1,1,1,0,0.30427894
3,1,1,0,0.6042795
5,1,1,0,0.60815656
7,1,1,0,0.54236543
9,1,1,0,0.2580091
11,1,2,0,-0.9063122
13,1,2,0,-0.87453014
15,1,2,0,-0.7338923
17,1,2,0,-0.5805178
19,1,2,0,-0.49410415
21,1,3,0,-0.3936802
23,1,3,0,-0.3610843
25,1,3,0,-0.33576414
27,1,3,0,-0.35424498
29,1,3,0,-0.37746805
31,1,4,0,-0.40071136
33,1,4,0,-0.49374542
35,1,4,0,-0.66349316
37,1,4,0,-0.9058002
39,1,4,0,-1.0398356
1,9,1,10,0.39635193
3,9,1,10,0.5294175
5,9,1,10,0.5570524
7,9,1,10,0.5749723
9,9,1,10,0.5533672
11,9,2,10,-1.1924201
13,9,2,10,-0.81017566
15,9,2,10,-0.49263248
17,9,2,10,-0.34986794
19,9,2,10,-0.32314497
21,9,3,10,-0.39825684
23,9,3,10,-0.40912002
25,9,3,10,-0.41828334
27,9,3,10,-0.4381595
29,9,3,10,-0.47442108
31,9,4,10,-0.62528944
33,9,4,10,-0.78344643
35,9,4,10,-0.92227083
37,9,4,10,-0.99480206
39,9,4,10,-0.9459526
1,7,1,10,0.42987832
3,7,1,10,0.66006166
5,7,1,10,0.71703666
7,7,1,10,0.7232196
9,7,1,10,0.59688276
11,7,2,10,-1.0712988
13,7,2,10,-0.8904298
15,7,2,10,-0.582296
17,7,2,10,-0.38733092
19,7,2,10,-0.3432687
21,7,3,10,-0.4105229
23,7,3,10,-0.42452765
25,7,3,10,-0.4343265
27,7,3,10,-0.4520715
29,7,3,10,-0.48847756
31,7,4,10,-0.66622156
33,7,4,10,-0.7703949
35,7,4,10,-0.90662634
37,7,4,10,-0.950271
39,7,4,10,-0.8804365
1,5,1,10,0.38690904
3,5,1,10,0.62195575
5,5,1,10,0.6848297
7,5,1,10,0.68701905
9,5,1,10,0.5396957
11,5,2,10,-0.99359053
13,5,2,10,-0.8683319
15,5,2,10,-0.61140776
17,5,2,10,-0.42032662
19,5,2,10,-0.35669723
21,5,3,10,-0.40803054
23,5,3,10,-0.42288315
25,5,3,10,-0.42665806
27,5,3,10,-0.44230857
29,5,3,10,-0.48490882
31,5,4,10,-0.687841
33,5,4,10,-0.7594084
35,5,4,10,-0.8743172
37,5,4,10,-0.9043212
39,5,4,10,-0.8374752
1,3,1,10,0.2900167
3,3,1,10,0.53713226
5,3,1,10,0.6039768
7,3,1,10,0.6022907
9,3,1,10,0.44683418
11,3,2,10,-0.95891863
13,3,2,10,-0.8456068
15,3,2,10,-0.5987373
17,3,2,10,-0.41936234
19,3,2,10,-0.35990322
21,3,3,10,-0.38911468
23,3,3,10,-0.40583274
25,3,3,10,-0.40770522
27,3,3,10,-0.4219312
29,3,3,10,-0.46976647
31,3,4,10,-0.67381054
33,3,4,10,-0.73916703
35,3,4,10,-0.84648687
37,3,4,10,-0.8906052
39,3,4,10,-0.84695256
1,1,1,10,0.23067391
3,1,1,10,0.5148972
5,1,1,10,0.59423494
7,1,1,10,0.57349044
9,1,1,10,0.33714157
11,1,2,10,-0.9399774
13,1,2,10,-0.7652514
15,1,2,10,-0.5048296
17,1,2,10,-0.3684359
19,1,2,10,-0.32139292
21,1,3,10,-0.38066107
23,1,3,10,-0.38491568
25,1,3,10,-0.3734435
27,1,3,10,-0.39129794
29,1,3,10,-0.43603688
31,1,4,10,-0.6130788
33,1,4,10,-0.680474
35,1,4,10,-0.78882664
37,1,4,10,-0.8580148
39,1,4,10,-0.85183674
1,9,1,20,0.2659603
3,9,1,20,0.43516025
5,9,1,20,0.49287692
7,9,1,20,0.53903306
9,9,1,20,0.607423
11,9,2,20,-0.76777923
13,9,2,20,-0.3020422
15,9,2,20,-0.18632612
17,9,2,20,-0.18561256
19,9,2,20,-0.24448667
21,9,3,20,-0.41899595
23,9,3,20,-0.43549332
25,9,3,20,-0.44759968
27,9,3,20,-0.4744243
29,9,3,20,-0.53812015
31,9,4,20,-0.76323116
33,9,4,20,-0.7920828
35,9,4,20,-0.80411506
37,9,4,20,-0.789037
39,9,4,20,-0.7492583
1,7,1,20,0.29282147
3,7,1,20,0.5510924
5,7,1,20,0.64342046
7,7,1,20,0.6906206
9,7,1,20,0.67478245
11,7,2,20,-0.7061887
13,7,2,20,-0.35437515
15,7,2,20,-0.1943506
17,7,2,20,-0.17456144
19,7,2,20,-0.26330718
21,7,3,20,-0.42628482
23,7,3,20,-0.45104584
25,7,3,20,-0.47447455
27,7,3,20,-0.50038177
29,7,3,20,-0.5575746
31,7,4,20,-0.797174
33,7,4,20,-0.7604084
35,7,4,20,-0.7791762
37,7,4,20,-0.7559622
39,7,4,20,-0.70716894
1,5,1,20,0.25553012
3,5,1,20,0.5146354
5,5,1,20,0.61117375
7,5,1,20,0.66387933
9,5,1,20,0.62610996
11,5,2,20,-0.6574468
13,5,2,20,-0.37297443
15,5,2,20,-0.2201962
17,5,2,20,-0.18971676
19,5,2,20,-0.26899382
21,5,3,20,-0.41992933
23,5,3,20,-0.45228496
25,5,3,20,-0.4706495
27,5,3,20,-0.4865667
29,5,3,20,-0.544524
31,5,4,20,-0.7999521
33,5,4,20,-0.7549005
35,5,4,20,-0.76010245
37,5,4,20,-0.72919965
39,5,4,20,-0.6803308
1,3,1,20,0.17736606
3,3,1,20,0.44854313
5,3,1,20,0.5473528
7,3,1,20,0.5966854
9,3,1,20,0.5460087
11,3,2,20,-0.6102398
13,3,2,20,-0.38031137
15,3,2,20,-0.2271792
17,3,2,20,-0.19095987
19,3,2,20,-0.267372
21,3,3,20,-0.39749756
23,3,3,20,-0.4316702
25,3,3,20,-0.45266125
27,3,3,20,-0.4588893
29,3,3,20,-0.50812125
31,3,4,20,-0.7607592
33,3,4,20,-0.74159294
35,3,4,20,-0.7484464
37,3,4,20,-0.7273062
39,3,4,20,-0.6802734
1,1,1,20,0.1560905
3,1,1,20,0.43411955
5,1,1,20,0.5385722
7,1,1,20,0.56425023
9,1,1,20,0.4324035
11,1,2,20,-0.5627295
13,1,2,20,-0.32023218
15,1,2,20,-0.17746015
17,1,2,20,-0.17316619
19,1,2,20,-0.24742119
21,1,3,20,-0.4003547
23,1,3,20,-0.4195552
25,1,3,20,-0.41712803
27,1,3,20,-0.4213851
29,1,3,20,-0.45206925
31,1,4,20,-0.70860404
33,1,4,20,-0.7017259
35,1,4,20,-0.7296029
37,1,4,20,-0.71521515
39,1,4,20,-0.68091494
1,9,1,30,0.15053472
3,9,1,30,0.3494358
5,9,1,30,0.43044204
7,9,1,30,0.49540767
9,9,1,30,0.63122886
11,9,2,30,-0.2518113
13,9,2,30,-0.050853904
15,9,2,30,-0.05599663
17,9,2,30,-0.10434891
19,9,2,30,-0.20097941
21,9,3,30,-0.47698718
23,9,3,30,-0.49885258
25,9,3,30,-0.50968415
27,9,3,30,-0.5348962
29,9,3,30,-0.59782696
31,9,4,30,-0.8359655
33,9,4,30,-0.78200006
35,9,4,30,-0.75413644
37,9,4,30,-0.7315869
39,9,4,30,-0.71072304
1,7,1,30,0.17677814
3,7,1,30,0.46245992
5,7,1,30,0.5860273
7,7,1,30,0.66277987
9,7,1,30,0.7325993
11,7,2,30,-0.24647598
13,7,2,30,0.002475149
15,7,2,30,-0.0055225054
17,7,2,30,-0.0718399
19,7,2,30,-0.22596435
21,7,3,30,-0.48029822
23,7,3,30,-0.51136
25,7,3,30,-0.5415503
27,7,3,30,-0.570449
29,7,3,30,-0.6225822
31,7,4,30,-0.85674787
33,7,4,30,-0.77997327
35,7,4,30,-0.75683796
37,7,4,30,-0.72308564
39,7,4,30,-0.6865758
1,5,1,30,0.14577113
3,5,1,30,0.43088603
5,5,1,30,0.5553782
7,5,1,30,0.6484985
9,5,1,30,0.6958362
11,5,2,30,-0.22314295
13,5,2,30,-0.008742615
15,5,2,30,-0.010531175
17,5,2,30,-0.07695775
19,5,2,30,-0.23489109
21,5,3,30,-0.4687802
23,5,3,30,-0.50903267
25,5,3,30,-0.53538185
27,5,3,30,-0.5499295
29,5,3,30,-0.6024654
31,5,4,30,-0.8373022
33,5,4,30,-0.7799038
35,5,4,30,-0.7522947
37,5,4,30,-0.7066563
39,5,4,30,-0.6575988
1,3,1,30,0.08101523
3,3,1,30,0.38052526
5,3,1,30,0.50442475
7,3,1,30,0.5968278
9,3,1,30,0.63083804
11,3,2,30,-0.21014926
13,3,2,30,-0.037218638
15,3,2,30,-0.025678655
17,3,2,30,-0.07641961
19,3,2,30,-0.2355031
21,3,3,30,-0.44355407
23,3,3,30,-0.48117602
25,3,3,30,-0.51732063
27,3,3,30,-0.5206383
29,3,3,30,-0.5574741
31,3,4,30,-0.77176446
33,3,4,30,-0.75536734
35,3,4,30,-0.7356565
37,3,4,30,-0.69702274
39,3,4,30,-0.6409806
1,1,1,30,0.08587915
3,1,1,30,0.35976925
5,1,1,30,0.4965365
7,1,1,30,0.5599257
9,1,1,30,0.5157101
11,1,2,30,-0.17750265
13,1,2,30,-0.009702236
15,1,2,30,0.00588617
17,1,2,30,-0.06684979
19,1,2,30,-0.2165183
21,1,3,30,-0.4517753
23,1,3,30,-0.47607422
25,1,3,30,-0.48079988
27,1,3,30,-0.4825764
29,1,3,30,-0.48282567
31,1,4,30,-0.7208447
33,1,4,30,-0.71585774
35,1,4,30,-0.72169805
37,1,4,30,-0.6809941
39,1,4,30,-0.64344895
1,9,1,40,0.017910356
3,9,1,40,0.20747878
5,9,1,40,0.2967405
7,9,1,40,0.36064872
9,9,1,40,0.52346164
11,9,2,40,0.22948128
13,9,2,40,0.11133926
15,9,2,40,0.064344615
17,9,2,40,-0.0089751035
19,9,2,40,-0.13401034
21,9,3,40,-0.5449833
23,9,3,40,-0.5743595
25,9,3,40,-0.5808699
27,9,3,40,-0.5898349
29,9,3,40,-0.62839967
31,9,4,40,-0.7367897
33,9,4,40,-0.68604076
35,9,4,40,-0.66120785
37,9,4,40,-0.63832057
39,9,4,40,-0.6227471
1,7,1,40,0.037664365
3,7,1,40,0.30177763
5,7,1,40,0.43160307
7,7,1,40,0.51223
9,7,1,40,0.6403272
11,7,2,40,0.2626573
13,7,2,40,0.23117003
15,7,2,40,0.1367938
17,7,2,40,0.03837991
19,7,2,40,-0.16428997
21,7,3,40,-0.5397182
23,7,3,40,-0.5783019
25,7,3,40,-0.61606956
27,7,3,40,-0.63697714
29,7,3,40,-0.6611252
31,7,4,40,-0.74051034
33,7,4,40,-0.69642776
35,7,4,40,-0.6791667
37,7,4,40,-0.6460209
39,7,4,40,-0.6068717
1,5,1,40,0.016244402
3,5,1,40,0.2761868
5,5,1,40,0.39916477
7,5,1,40,0.5110376
9,5,1,40,0.61822367
11,5,2,40,0.2602729
13,5,2,40,0.2426701
15,5,2,40,0.13537832
17,5,2,40,0.0307141
19,5,2,40,-0.18426429
21,5,3,40,-0.5253921
23,5,3,40,-0.5766064
25,5,3,40,-0.608686
27,5,3,40,-0.6107792
29,5,3,40,-0.6393814
31,5,4,40,-0.7205537
33,5,4,40,-0.70457643
35,5,4,40,-0.679092
37,5,4,40,-0.62807196
39,5,4,40,-0.5748558
1,3,1,40,-0.02827873
3,3,1,40,0.2463085
5,3,1,40,0.36737764
7,3,1,40,0.48310626
9,3,1,40,0.58034086
11,3,2,40,0.22957145
13,3,2,40,0.20497587
15,3,2,40,0.110771984
17,3,2,40,0.027307581
19,3,2,40,-0.19201005
21,3,3,40,-0.4998678
23,3,3,40,-0.5504364
25,3,3,40,-0.5997968
27,3,3,40,-0.58187026
29,3,3,40,-0.5894043
31,3,4,40,-0.65750754
33,3,4,40,-0.6768209
35,3,4,40,-0.656169
37,3,4,40,-0.61844707
39,3,4,40,-0.55607843
1,1,1,40,0.00027866603
3,1,1,40,0.21738273
5,1,1,40,0.3668389
7,1,1,40,0.44621152
9,1,1,40,0.4802176
11,1,2,40,0.20206149
13,1,2,40,0.20637059
15,1,2,40,0.14433973
17,1,2,40,0.032047912
19,1,2,40,-0.17822807
21,1,3,40,-0.510297
23,1,3,40,-0.54789615
25,1,3,40,-0.5611962
27,1,3,40,-0.5465859
29,1,3,40,-0.5069295
31,1,4,40,-0.5936087
33,1,4,40,-0.63328534
35,1,4,40,-0.6439374
37,1,4,40,-0.6003909
39,1,4,40,-0.562196
1,9,1,50,-0.090711355
3,9,1,50,0.06753468
5,9,1,50,0.14385502
7,9,1,50,0.19082958
9,9,1,50,0.3155958
11,9,2,50,0.4967669
13,9,2,50,0.28825676
15,9,2,50,0.22748798
17,9,2,50,0.13568464
19,9,2,50,-0.017490344
21,9,3,50,-0.59815264
23,9,3,50,-0.63031816
25,9,3,50,-0.6377274
27,9,3,50,-0.6456333
29,9,3,50,-0.67715156
31,9,4,50,-0.66045356
33,9,4,50,-0.60666704
35,9,4,50,-0.58156586
37,9,4,50,-0.5634167
39,9,4,50,-0.55283314
1,7,1,50,-0.079061255
3,7,1,50,0.14465919
5,7,1,50,0.26076916
7,7,1,50,0.32502192
9,7,1,50,0.42276275
11,7,2,50,0.56066775
13,7,2,50,0.43384787
15,7,2,50,0.31737858
17,7,2,50,0.2009235
19,7,2,50,-0.045745146
21,7,3,50,-0.58256143
23,7,3,50,-0.6259471
25,7,3,50,-0.6701949
27,7,3,50,-0.69323134
29,7,3,50,-0.71149886
31,7,4,50,-0.661335
33,7,4,50,-0.6192005
35,7,4,50,-0.6089327
37,7,4,50,-0.5837158
39,7,4,50,-0.5473076
1,5,1,50,-0.09310909
3,5,1,50,0.12428036
5,5,1,50,0.22921948
7,5,1,50,0.33254322
9,5,1,50,0.40899593
11,5,2,50,0.5569188
13,5,2,50,0.44358313
15,5,2,50,0.31246686
17,5,2,50,0.19087687
19,5,2,50,-0.07206192
21,5,3,50,-0.56360906
23,5,3,50,-0.6213555
25,5,3,50,-0.659809
27,5,3,50,-0.6599956
29,5,3,50,-0.6877898
31,5,4,50,-0.64778304
33,5,4,50,-0.6337287
35,5,4,50,-0.6116915
37,5,4,50,-0.56893873
39,5,4,50,-0.51841444
1,3,1,50,-0.12519251
3,3,1,50,0.11046835
5,3,1,50,0.21468343
7,3,1,50,0.32587147
9,3,1,50,0.4011096
11,3,2,50,0.5045157
13,3,2,50,0.39187875
15,3,2,50,0.27404657
17,3,2,50,0.17567605
19,3,2,50,-0.09357892
21,3,3,50,-0.5361233
23,3,3,50,-0.59224063
25,3,3,50,-0.653876
27,3,3,50,-0.6328929
29,3,3,50,-0.63727957
31,3,4,50,-0.58264637
33,3,4,50,-0.6044351
35,3,4,50,-0.58560467
37,3,4,50,-0.5612489
39,3,4,50,-0.5010002
1,1,1,50,-0.08069215
3,1,1,50,0.08658091
5,1,1,50,0.22257945
7,1,1,50,0.29650068
9,1,1,50,0.33678812
11,1,2,50,0.43155235
13,1,2,50,0.38301572
15,1,2,50,0.307594
17,1,2,50,0.17360136
19,1,2,50,-0.08681173
21,1,3,50,-0.5468385
23,1,3,50,-0.58905876
25,1,3,50,-0.6107322
27,1,3,50,-0.6003758
29,1,3,50,-0.5582783
31,1,4,50,-0.51154053
33,1,4,50,-0.5536465
35,1,4,50,-0.57482636
37,1,4,50,-0.5420528
39,1,4,50,-0.50739133
